{
 "cells": [
  {
   "cell_type": "code",
   "execution_count": 2,
   "id": "1a948075-4f8e-42b9-ad24-a8b14b74f423",
   "metadata": {},
   "outputs": [],
   "source": [
    "# import de numpy\n",
    "import numpy as np"
   ]
  },
  {
   "cell_type": "code",
   "execution_count": 18,
   "id": "51a1a591-c4c8-4ee0-b925-cb609ddc76c8",
   "metadata": {},
   "outputs": [
    {
     "name": "stdout",
     "output_type": "stream",
     "text": [
      "[[9.98286082 3.8949701  8.65524424 0.81532538]\n",
      " [8.77193593 3.18651462 9.39342466 6.32465322]\n",
      " [2.946323   0.1195946  6.7785365  9.62396596]]\n"
     ]
    }
   ],
   "source": [
    "M = np.random.rand(3,4) * 10\n",
    "print(M)"
   ]
  },
  {
   "cell_type": "code",
   "execution_count": 21,
   "id": "70eec494-3f61-4078-8350-b1ec8077489f",
   "metadata": {},
   "outputs": [
    {
     "name": "stdout",
     "output_type": "stream",
     "text": [
      "[[9.62396596 6.7785365  0.1195946  2.946323  ]\n",
      " [6.32465322 9.39342466 3.18651462 8.77193593]\n",
      " [0.81532538 8.65524424 3.8949701  9.98286082]]\n"
     ]
    }
   ],
   "source": [
    "def rotation(M):\n",
    "    return np.rot90(np.rot90(M))\n",
    "M_rotated = rotation(M)\n",
    "print(M_rotated)"
   ]
  },
  {
   "cell_type": "code",
   "execution_count": 23,
   "id": "0f66d951-14e1-4eb1-a3ed-f32057fef19f",
   "metadata": {},
   "outputs": [],
   "source": [
    "def multiply(M1, M2):\n",
    "    s = 0\n",
    "    for i in range(len(M1)):\n",
    "        L1 = M1[i]\n",
    "        L2 = M2[i]\n",
    "        ss = 0\n",
    "        for j in range(len(L1)):\n",
    "            ss += L1[j] * L2[j]\n",
    "        s += ss\n",
    "    return s\n"
   ]
  },
  {
   "cell_type": "code",
   "execution_count": 52,
   "id": "dda9474e-8928-4569-99a6-bf2cd96f5db1",
   "metadata": {},
   "outputs": [
    {
     "name": "stdout",
     "output_type": "stream",
     "text": [
      "[[1 0 0 0 0]\n",
      " [1 0 1 1 0]\n",
      " [1 0 0 0 1]\n",
      " [1 0 0 1 0]]\n"
     ]
    },
    {
     "data": {
      "text/plain": [
       "array([[0, 0, 0],\n",
       "       [0, 1, 1],\n",
       "       [0, 0, 0],\n",
       "       [0, 0, 1]], dtype=int32)"
      ]
     },
     "execution_count": 52,
     "metadata": {},
     "output_type": "execute_result"
    }
   ],
   "source": [
    "M1 = np.random.randint(0,2, (4,5))\n",
    "print(M1)\n",
    "M1[:, 1:4]\n"
   ]
  },
  {
   "cell_type": "code",
   "execution_count": 53,
   "id": "6eb50672-0ab4-45b8-a752-1b6707417dea",
   "metadata": {},
   "outputs": [
    {
     "name": "stdout",
     "output_type": "stream",
     "text": [
      "[[0. 0. 0. 0.]\n",
      " [0. 1. 1. 0.]\n",
      " [0. 1. 1. 0.]\n",
      " [0. 0. 0. 0.]]\n"
     ]
    }
   ],
   "source": [
    "def augmenter(M):\n",
    "    x = M.shape\n",
    "    M1 = np.zeros((x[0]+2,x[1]+2))\n",
    "    M1[:, 1:-1][1:-1]=M\n",
    "    return M1\n",
    "\n",
    "print(augmenter(np.ones((2,2))))"
   ]
  }
 ],
 "metadata": {
  "kernelspec": {
   "display_name": "Python 3 (ipykernel)",
   "language": "python",
   "name": "python3"
  },
  "language_info": {
   "codemirror_mode": {
    "name": "ipython",
    "version": 3
   },
   "file_extension": ".py",
   "mimetype": "text/x-python",
   "name": "python",
   "nbconvert_exporter": "python",
   "pygments_lexer": "ipython3",
   "version": "3.13.5"
  }
 },
 "nbformat": 4,
 "nbformat_minor": 5
}
